0 0 0 0 0 0 0 0 0 0 0 22 3 0 0 0 0 0 0 0
0 0 0 0 0 0 0 0 0 0 0 61 30 0 0 0 0 0 0 0
0 0 0 0 0 0 0 0 0 0 0 0 0 0 0 0 0 0 0 0
0 0 0 0 0 0 0 0 0 0 9 12 5 11 132 97 4 0 0 0
0 0 0 0 0 0 0 14 59 147 243 237 239 243 250 255 59 2 0 0
0 0 0 0 0 0 90 225 239 181 131 120 99 186 255 255 196 69 0 0
0 0 0 0 0 16 228 114 12 0 0 0 0 131 255 155 1 1 0 0
0 0 0 0 0 46 232 4 0 0 0 0 96 233 218 17 0 0 0 0
0 0 0 0 0 89 248 91 6 26 63 160 250 209 37 0 0 0 0 0
0 0 0 0 18 101 236 247 230 254 255 237 103 12 0 0 0 0 0 0
0 0 0 0 0 1 151 254 253 248 255 169 83 0 0 0 0 0 0 0
0 0 0 0 3 150 254 173 35 34 190 255 168 89 0 0 0 0 0 0
0 0 6 24 162 255 250 51 36 37 132 255 118 64 0 0 0 0 0 0
0 0 10 102 232 239 135 6 14 21 218 255 62 0 0 0 0 0 0 0
0 0 0 106 71 66 1 85 79 98 243 254 111 20 0 0 0 0 0 0
0 0 0 171 138 97 169 233 254 255 254 255 220 0 0 0 0 0 0 0
0 0 0 44 104 226 207 102 77 154 178 96 21 0 0 0 0 0 0 0
0 0 0 0 0 3 2 0 0 1 10 0 0 0 0 0 0 0 0 0
0 0 0 0 0 0 0 0 0 0 0 0 0 0 0 0 0 0 0 0
0 0 0 0 0 0 0 0 0 0 0 0 0 0 0 0 0 0 0 0
